name: bmtagger
channels:
  - bioconda
  - r
  - defaults
  - conda-forge
dependencies:
  - blas=1.0=mkl
  - blast=2.7.1=h4422958_6
  - bmfilter=3.101=hfc679d8_2
  - bmtagger=3.101=h470a237_4
  - bmtool=3.101=hfc679d8_2
  - boost=1.67.0=py37_4
  - bzip2=1.0.6=h14c3975_5
  - ca-certificates=2019.1.23=0
  - certifi=2019.3.9=py37_0
  - extract_fullseq=3.101=3
  - gmp=6.1.2=h6c8ec71_1
  - gnutls=3.5.19=h2a4e5f8_1
  - icu=58.2=h9c2bf20_1
  - intel-openmp=2019.3=199
  - libboost=1.67.0=h46d08c1_4
  - libedit=3.1.20181209=hc058e9b_0
  - libffi=3.2.1=hd88cf55_4
  - libgcc-ng=8.2.0=hdf63c60_1
  - libgfortran-ng=7.3.0=hdf63c60_0
  - libstdcxx-ng=8.2.0=hdf63c60_1
  - mkl=2019.3=199
  - mkl_fft=1.0.10=py37ha843d7b_0
  - mkl_random=1.0.2=py37hd81dba3_0
  - ncurses=6.1=he6710b0_1
  - nettle=3.3=0
  - numpy=1.16.2=py37h7e9f1db_0
  - numpy-base=1.16.2=py37hde5b4d6_0
  - openssl=1.1.1b=h7b6447c_1
  - pcre=8.43=he6710b0_0
  - perl=5.26.2=h14c3975_0
  - perl-archive-tar=2.32=pl526_0
  - perl-carp=1.38=pl526_2
  - perl-compress-raw-bzip2=2.084=pl526hfc679d8_0
  - perl-compress-raw-zlib=2.084=pl526h2d50403_0
  - perl-exporter=5.72=pl526_1
  - perl-exporter-tiny=1.002001=pl526_0
  - perl-extutils-makemaker=7.34=pl526_3
  - perl-io-compress=2.084=pl526hfc679d8_0
  - perl-io-zlib=1.10=pl526_2
  - perl-list-moreutils=0.428=pl526_1
  - perl-list-moreutils-xs=0.428=pl526_0
  - perl-pathtools=3.73=h470a237_2
  - perl-scalar-list-utils=1.45=pl526h470a237_3
  - perl-test-more=1.001002=pl526_1
  - perl-xsloader=0.24=pl526_0
  - pip=19.0.3=py37_0
  - py-boost=1.67.0=py37h04863e7_4
  - python=3.7.3=h0371630_0
  - readline=7.0=h7b6447c_5
  - setuptools=40.8.0=py37_0
  - sqlite=3.27.2=h7b6447c_0
  - srprism=2.4.24=h96824bc_3
  - tk=8.6.8=hbc83047_0
  - wheel=0.33.1=py37_0
  - xz=5.2.4=h14c3975_4
  - zlib=1.2.11=h7b6447c_3
prefix: /home/aschick/miniconda3/envs/bmtagger

